FDISTR = 6
FGRID = 0
FSOUR = 3
FSOURCE_DEPTH = 4
F_COHER = 0
F_COLOR = 3
F_PHOT = 0
F_POL = 3
F_POLAR = 1
F_OPD = 1
F_WIGGLER = 0
F_BOUND_SOUR = 0
F_SR_TYPE = 0
ISTAR1 = 5676561
NPOINT = 10000
NCOL = 0
N_CIRCLE = 0
N_COLOR = 0
N_CONE = 0
IDO_VX = 1
IDO_VZ = 1
IDO_X_S = 1
IDO_Y_S = 1
IDO_Z_S = 1
IDO_XL = 0
IDO_XN = 0
IDO_ZL = 0
IDO_ZN = 0
SIGXL1 = 0.00000000000000
SIGXL2 = 0.00000000000000
SIGXL3 = 0.00000000000000
SIGXL4 = 0.00000000000000
SIGXL5 = 0.00000000000000
SIGXL6 = 0.00000000000000
SIGXL7 = 0.00000000000000
SIGXL8 = 0.00000000000000
SIGXL9 = 0.00000000000000
SIGXL10 = 0.00000000000000
SIGZL1 = 0.00000000000000
SIGZL2 = 0.00000000000000
SIGZL3 = 0.00000000000000
SIGZL4 = 0.00000000000000
SIGZL5 = 0.00000000000000
SIGZL6 = 0.00000000000000
SIGZL7 = 0.00000000000000
SIGZL8 = 0.00000000000000
SIGZL9 = 0.00000000000000
SIGZL10 = 0.00000000000000
CONV_FACT = 0.00000000000000
CONE_MAX = 0.00000000000000
CONE_MIN = 0.00000000000000
EPSI_DX = 0.00000000000000
EPSI_DZ = 0.00000000000000
EPSI_X = 0.198900000000000E-08
EPSI_Z = 0.300700000000000E-10
HDIV1 = 0.350000000000000E-01
HDIV2 = 0.350000000000000E-01
PH1 = 0.400000000000000
PH2 = 0.401000000000000
PH3 = 0.00000000000000
PH4 = 0.00000000000000
PH5 = 0.00000000000000
PH6 = 0.00000000000000
PH7 = 0.00000000000000
PH8 = 0.00000000000000
PH9 = 0.00000000000000
PH10 = 0.00000000000000
RL1 = 0.00000000000000
RL2 = 0.00000000000000
RL3 = 0.00000000000000
RL4 = 0.00000000000000
RL5 = 0.00000000000000
RL6 = 0.00000000000000
RL7 = 0.00000000000000
RL8 = 0.00000000000000
RL9 = 0.00000000000000
RL10 = 0.00000000000000
BENER = 1.90000000000000
POL_ANGLE = 0.00000000000000
POL_DEG = 0.00000000000000
R_ALADDIN = -5.00000000000000
R_MAGNET = -5.00000000000000
SIGDIX = 0.00000000000000
SIGDIZ = 0.00000000000000
SIGMAX = 0.390000000000000E-04
SIGMAY = 0.00000000000000
SIGMAZ = 0.310000000000000E-04
VDIV1 = 0.500000000000000E-01
VDIV2 = 0.500000000000000E-01
WXSOU = 0.00000000000000
WYSOU = 0.00000000000000
WZSOU = 0.00000000000000
PLASMA_ANGLE = 0.00000000000000
FILE_TRAJ =
FILE_SOURCE =
FILE_BOUND =
OE_NUMBER = 0
NTOTALPOINT = 10000000
IDUMMY = 0
DUMMY = 0.00000000000000
F_NEW = 0
